EbNo [dB] |        BER |       BLER |  bit errors |    num bits | block errors |  num blocks | runtime [s] |    status
---------------------------------------------------------------------------------------------------------------------------------------
     -3.0 | 4.9369e-01 | 1.0000e+00 |       25024 |       50688 |          512 |         512 |         6.6 |iter: 0/15     -3.0 | 4.9369e-01 | 1.0000e+00 |       25024 |       50688 |          512 |         512 |         6.6 |reached target block errors
   -2.429 | 5.0075e-01 | 1.0000e+00 |       25382 |       50688 |          512 |         512 |         3.5 |iter: 0/15   -2.429 | 5.0075e-01 | 1.0000e+00 |       25382 |       50688 |          512 |         512 |         3.5 |reached target block errors
   -1.857 | 4.8978e-01 | 1.0000e+00 |       24826 |       50688 |          512 |         512 |         3.5 |iter: 0/15   -1.857 | 4.8978e-01 | 1.0000e+00 |       24826 |       50688 |          512 |         512 |         3.5 |reached target block errors
   -1.286 | 4.9479e-01 | 1.0000e+00 |       25080 |       50688 |          512 |         512 |         3.6 |iter: 0/15   -1.286 | 4.9479e-01 | 1.0000e+00 |       25080 |       50688 |          512 |         512 |         3.6 |reached target block errors
   -0.714 | 4.9505e-01 | 1.0000e+00 |       25093 |       50688 |          512 |         512 |         3.6 |iter: 0/15   -0.714 | 4.9505e-01 | 1.0000e+00 |       25093 |       50688 |          512 |         512 |         3.6 |reached target block errors
   -0.143 | 4.8666e-01 | 1.0000e+00 |       24668 |       50688 |          512 |         512 |         3.5 |iter: 0/15   -0.143 | 4.8666e-01 | 1.0000e+00 |       24668 |       50688 |          512 |         512 |         3.5 |reached target block errors
    0.429 | 4.8268e-01 | 1.0000e+00 |       24466 |       50688 |          512 |         512 |         3.5 |iter: 0/15    0.429 | 4.8268e-01 | 1.0000e+00 |       24466 |       50688 |          512 |         512 |         3.5 |reached target block errors
      1.0 | 4.7998e-01 | 1.0000e+00 |       24329 |       50688 |          512 |         512 |         3.4 |iter: 0/15      1.0 | 4.7998e-01 | 1.0000e+00 |       24329 |       50688 |          512 |         512 |         3.4 |reached target block errors
    1.571 | 4.7311e-01 | 1.0000e+00 |       23981 |       50688 |          512 |         512 |         3.5 |iter: 0/15    1.571 | 4.7311e-01 | 1.0000e+00 |       23981 |       50688 |          512 |         512 |         3.5 |reached target block errors
    2.143 | 4.7224e-01 | 1.0000e+00 |       23937 |       50688 |          512 |         512 |         3.5 |iter: 0/15    2.143 | 4.7224e-01 | 1.0000e+00 |       23937 |       50688 |          512 |         512 |         3.5 |reached target block errors
    2.714 | 4.5987e-01 | 9.9609e-01 |       23310 |       50688 |          510 |         512 |         3.6 |iter: 0/15    2.714 | 4.5987e-01 | 9.9609e-01 |       23310 |       50688 |          510 |         512 |         3.6 |reached target block errors
    3.286 | 4.3782e-01 | 9.7852e-01 |       22192 |       50688 |          501 |         512 |         3.5 |iter: 0/15    3.286 | 4.3782e-01 | 9.7852e-01 |       22192 |       50688 |          501 |         512 |         3.5 |reached target block errors
    3.857 | 4.0834e-01 | 9.4922e-01 |       20698 |       50688 |          486 |         512 |         3.6 |iter: 0/15    3.857 | 4.0714e-01 | 9.5020e-01 |       41274 |      101376 |          973 |        1024 |         7.1 |iter: 1/15    3.857 | 4.0714e-01 | 9.5020e-01 |       41274 |      101376 |          973 |        1024 |         7.1 |reached target block errors
    4.429 | 3.4738e-01 | 8.6328e-01 |       17608 |       50688 |          442 |         512 |         3.5 |iter: 0/15    4.429 | 3.5816e-01 | 8.7207e-01 |       36309 |      101376 |          893 |        1024 |         7.0 |iter: 1/15    4.429 | 3.5816e-01 | 8.7207e-01 |       36309 |      101376 |          893 |        1024 |         7.0 |reached target block errors
      5.0 | 2.8808e-01 | 7.3633e-01 |       14602 |       50688 |          377 |         512 |         3.5 |iter: 0/15      5.0 | 2.9631e-01 | 7.5391e-01 |       30039 |      101376 |          772 |        1024 |         7.0 |iter: 1/15      5.0 | 2.9631e-01 | 7.5391e-01 |       30039 |      101376 |          772 |        1024 |         7.0 |reached target block errors
